,PAIS,MORTALIDADE_INFANTIL,HEALTH_SPEND,ELECTRICITY
3,Albania,17.9,220.96411359,1510.48213778841
4,Algeria,29.5,238.13694061,920.914004630378
7,Angola,192.0,160.93034974,204.210436998869
10,Argentina,15.4,761.7628515,2801.08295972664
11,Armenia,20.0,102.29638613,1630.23327046154
13,Australia,5.2,2317.7136139,10681.1039823423
14,Austria,4.6,3185.55607395,8191.50847686545
15,Azerbaijan,43.3,74.36257811,2040.76043544743
17,Bahrain,9.4,694.03185976,9134.09758449085
18,Bangladesh,55.9,5.77024294,202.919555966381
20,Belarus,7.2,489.89984964,3481.73803526448
21,Belgium,4.7,2784.68161598,8521.49673953426
23,Benin,116.3,33.0,83.6927981734242
26,Bolivia,52.0,145.33318713,527.45050944174
27,Bosnia and Herzegovina,8.1,519.05605879,2903.75973693159
28,Botswana,63.8,805.4874449,1528.66057581272
29,Brazil,18.6,368.68990736,2233.20070802909
31,Brunei,9.0,1027.7341433,8399.11653355394
32,Bulgaria,13.7,569.09861514,4594.27853338309
35,Cambodia,51.5,34.8455064,114.12775335895
36,Cameroon,113.8,22.87290104,262.464566262887
37,Canada,5.8,2816.72354881,16449.9537812707
43,Chile,8.9,481.89615542,3313.9082788234
44,China,18.5,142.23488139,2457.54781433656
47,Colombia,19.7,439.08327855,969.126395639788
49,"Congo, Dem. Rep.",124.5,11.19401065,103.94593668805
50,"Congo, Rep.",72.6,46.96751872,148.846568080537
52,Costa Rica,10.3,708.94004545,1860.25537476358
53,Cote d'Ivoire,116.9,24.8925753,210.07616411001
54,Croatia,5.9,1341.70781883,3878.43933243121
55,Cuba,6.3,410.60701259,1316.26529088365
56,Cyprus,4.2,775.15502009,4572.50979259838
57,Czech Republic,4.5,1517.62471061,6464.39255219709
59,Denmark,4.3,3423.95685265,6534.12385018916
62,Dominican Republic,35.0,177.67179264,849.111222903747
64,Ecuador,26.8,146.28114873,1056.68241549538
65,Egypt,31.4,114.80955658,1539.3302610576
66,El Salvador,21.6,242.4198942,852.924423776158
68,Eritrea,60.4,10.27442489,44.963335372786
70,Estonia,5.5,1035.97147,6347.54880936842
71,Ethiopia,86.9,19.78143516,41.1395672224038
75,Finland,3.3,2351.33141342,16349.7979353706
76,France,4.3,2953.32650736,7649.8150202469
79,Gabon,68.0,167.66109597,1014.26786247769
81,Georgia,19.3,87.10235207,1651.76331037
82,Germany,4.4,3033.48933084,7149.10859257662
83,Ghana,79.9,48.6095992,279.530988541436
85,Greece,4.9,1797.12376199,5722.92089040102
90,Guatemala,36.9,113.6242305,544.389864618374
95,Haiti,83.3,15.41623614,23.7594875835927
97,Honduras,26.5,146.19080501,707.284856483586
99,Hungary,7.2,1061.40083394,3988.76769393042
100,Iceland,2.7,3053.78193693,50063.9543309369
101,India,65.6,31.9789958,568.020256279027
102,Indonesia,36.2,44.27536737,573.518609091414
103,Iran,21.4,309.1332225,2404.56739813815
104,Iraq,38.3,118.34584511,740.371274328505
105,Ireland,4.5,2888.79069944,6432.22752284789
107,Israel,4.9,1251.20116166,7133.04509632224
108,Italy,4.1,2332.2927598,5661.18442719594
109,Jamaica,18.9,221.17036858,1989.80351295028
110,Japan,3.4,2324.57439586,8075.21046319286
112,Jordan,22.1,288.56647664,2093.67438645005
113,Kazakhstan,25.9,257.55266546,4689.16707216837
114,Kenya,71.0,26.24349045,147.421122026905
117,South Korea,4.5,970.99583843,8791.23169012646
120,Kuwait,11.3,823.05918172,16739.9335583581
121,Kyrgyz Republic,34.4,62.09965883,1413.12726794141
123,Latvia,10.5,741.94835734,3087.25057301242
124,Lebanon,11.3,399.47842028,2923.73213367708
127,Libya,18.8,362.08158616,4536.47857977251
129,Lithuania,8.2,941.14458261,3555.86392961528
130,Luxembourg,2.8,5106.69874709,15935.741328149
132,"Macedonia, FYR",11.8,506.60881104,3621.1703145987
135,Malaysia,8.0,294.05017499,3278.10633722785
138,Malta,6.6,1359.94616213,4806.4085447263
144,Mexico,17.9,418.407179,1908.42604525941
146,Moldova,17.6,162.04996839,2028.230526424
148,Mongolia,34.8,124.89835362,1477.87517177308
149,Montenegro,8.1,771.94784091,6270.11439443044
151,Morocco,35.8,83.93238164,750.989714118985
152,Mozambique,114.4,24.53171188,433.958886371349
153,Myanmar,87.2,4.4520159,91.8630231458472
154,Namibia,62.2,232.00979239,1586.60900108064
156,Nepal,50.7,24.3978473,84.8018995625502
157,Netherlands,4.8,3183.53834555,7226.06962242103
160,New Zealand,6.4,2229.80499123,9536.41453301787
162,Nicaragua,28.1,138.21859476,471.772762903488
164,Nigeria,140.9,50.18310519,126.454882569767
169,Norway,3.6,4407.62930071,24866.1343077866
170,Oman,11.9,478.80665652,5196.02101080268
171,Pakistan,95.5,21.39393492,433.745473265507
173,Panama,21.0,640.12936378,1573.66862906222
175,Paraguay,25.7,115.75979917,1002.24422526922
176,Peru,23.2,309.92954482,1040.04705154416
177,Philippines,33.4,39.82165137,588.029691333266
179,Poland,6.7,913.57901345,3725.74877788007
180,Portugal,4.1,1632.81287792,4821.50336274818
182,Qatar,9.5,1236.49022441,14778.7455651255
184,Romania,16.1,668.41002671,2487.63318422161
185,Russia,13.5,624.87831784,6435.40683339204
197,Saudi Arabia,18.1,460.51536357,7072.9525860189
198,Senegal,75.8,58.71381362,157.858729673544
199,Serbia,8.0,737.74643474,4291.84374184123
204,Singapore,2.8,609.68077967,8184.89895441584
205,Slovak Republic,8.8,1260.11099621,5267.61052086828
206,Slovenia,3.7,1793.88350937,6920.244039032
210,South Africa,66.1,375.33124728,4759.49204375986
212,Spain,5.0,2157.41310598,6078.46883583171
213,Sri Lanka,11.7,71.79518857,383.736459415344
214,Sudan,84.7,48.66775624,99.6096917380098
218,Sweden,3.2,2969.12512737,14869.3489776224
219,Switzerland,4.7,2908.86302122,8305.92304197027
220,Syria,16.5,76.67971315,1583.35355019174
222,Tajikistan,56.2,26.5295291,1947.01159492482
223,Tanzania,72.4,42.91819398,83.4399943901124
224,Thailand,15.6,242.10500384,2116.43545232222
230,Trinidad and Tobago,24.9,569.13493284,5708.53865208603
231,Tunisia,19.4,269.03729018,1198.77237653574
232,Turkey,22.2,663.48144706,2424.60897097645
233,Turkmenistan,63.9,73.6698231,2325.14489451338
237,Ukraine,12.9,280.25383907,3534.35715181308
238,United Arab Emirates,9.1,612.96653605,10810.2582356605
239,United Kingdom,5.6,2662.95495693,6056.29053267689
240,United States,7.7,3554.23874358,13663.4246797255
241,Uruguay,13.0,623.22533669,2587.71691463879
243,Uzbekistan,49.2,68.71568398,1647.01056301918
246,Venezuela,17.1,308.28973252,3071.40973400295
250,Vietnam,26.2,63.0595996,813.124175451086
254,Yemen,64.8,43.46283828,232.173774536918
256,Zambia,94.9,50.67649975,608.436043208512
